Precision: 0.5636122048967097
Recall: 0.3063414360959694
F1 Score: 0.3437691908796078
