Precision: 0.6005730747583586
Recall: 0.16877094272052257
F1 Score: 0.2504960427100908
