Precision: 0.5368056683104803
Recall: 0.36516511442429184
F1 Score: 0.2798939968965874
